,latitude,longitude,ac_monthly,poa_monthly,solrad_monthly,dc_monthly
0,35.2047,-118.0687,,,,
0,35.2047,-118.0687,,,,
0,35.2047,-118.0687,,,,
0,35.2047,-118.0687,,,,
0,35.2047,-118.0687,,,,
0,35.2047,-118.0687,,,,
0,35.2047,-118.0687,563.8634643554688,168.9253845214844,5.449205875396729,587.4528198242188
1,35.2047,-118.0687,564.182861328125,170.5904846191406,6.092517375946045,588.804931640625
2,35.2047,-118.0687,613.921630859375,185.9982452392578,5.999943256378174,640.5765991210938
3,35.2047,-118.0687,591.1519165039062,179.2722320556641,5.975740909576416,616.7973022460938
4,35.2047,-118.0687,571.93017578125,174.4143218994141,5.62626838684082,596.8430786132812
5,35.2047,-118.0687,538.78076171875,164.9642639160156,5.498808860778809,562.2208862304688
6,35.2047,-118.0687,580.8438720703125,179.9465179443359,5.804726600646973,606.06591796875
7,35.2047,-118.0687,618.1652221679688,192.0896148681641,6.196439266204834,644.6847534179688
8,35.2047,-118.0687,617.88623046875,191.2066497802734,6.373555183410645,644.103759765625
9,35.2047,-118.0687,622.7063598632812,191.0781860351562,6.163812637329102,648.82861328125
10,35.2047,-118.0687,568.512451171875,172.5060729980469,5.750202655792236,592.2296142578125
11,35.2047,-118.0687,553.8582763671875,166.2363433837891,5.362462520599365,577.0270385742188
0,35.2047,-118.0687,,,,
0,35.2047,-118.0687,,,,
0,35.2047,-118.0687,,,,
